  ,  , 2,  , 4, 6, 7,14,12,  ,13,  , 1,  ,15,  ,
 3,  ,  ,  , 1,11,  , 5,  , 6,  ,  ,10,  ,  ,  ,
12, 7,  ,  ,  , 2,15,  ,16, 1,11, 8,  ,  , 6,14,
  ,13,  ,  , 8,10,12,  ,15, 7, 9, 5,  , 4, 2,  ,
 7, 3,  ,  , 5,  ,  ,  , 9,  ,  ,  ,  ,  ,  ,  ,
11,  ,  ,12,16,  , 4,  ,10,  ,  ,13, 8,  ,  ,  ,
  ,  ,  ,10, 6,  , 8,  , 1,  ,  , 7,  , 5,13,12,
16,  ,  ,  ,12, 1,  ,10,  ,  ,  ,  , 9,  ,  ,  ,
  ,  ,  , 9,11, 8,  ,  ,  ,  ,  , 3,13,  ,  ,10,
  ,  , 3,  ,  ,14,  ,  , 7,  ,  , 1,  , 6,  ,  ,
  ,11,  ,  ,  ,  ,  ,  ,  ,  ,  ,  ,  , 8,12, 1,
15,  ,  , 8,  ,  ,  ,  , 6,  , 2,11,  , 3,  ,  ,
  ,  ,  ,  ,  ,  ,  , 1,  ,  ,  ,  ,  ,  ,  ,  ,
  , 4, 5, 3,  ,  ,10,  ,  ,  ,  ,  , 7, 9,14,11,
14,  , 9,  ,  ,  ,11,  , 2,  , 6,  ,  ,  , 4,  ,
  ,  ,  ,13,  ,15, 5, 3, 4,12,  , 9, 2,  ,16,  
