 1,  2,   , 11,     ,   ,   , 16,     ,   , 14,   ,     ,   ,  4,   ,
  ,   ,   ,   ,     ,   , 11,   ,     ,   ,   ,   ,     ,   ,  1,   ,
  ,   ,   ,   ,     ,   ,   ,   ,     ,   ,   ,   ,     ,  3,  5,   ,
  ,   ,   ,   ,     ,   ,   ,   ,     ,   ,   ,  7,     ,   , 16,   ,

  ,  8,   ,   ,     ,   ,   ,   ,     ,   ,   ,   ,     ,   ,   ,  1,
 2,  5, 13, 10,     ,   ,   ,   ,     ,  1,   ,   ,     ,   ,   ,  4,
  ,  3,   ,   ,    4,  6, 16,   ,     ,   ,   ,   ,     ,   ,   ,  7,
  ,  9,   , 12,     ,   ,   ,   ,     ,   ,  2,   ,     ,   ,   ,  8,

  ,   ,  2,   ,     ,  5,   ,   ,     ,   ,  3,   ,     ,   ,   ,   ,
  ,   ,  8,   ,     ,   ,  3,   ,     ,  5,   ,   ,     ,   ,   ,   ,
  ,   ,  6,   ,    2,   ,   , 13,   12,   ,   ,   ,     ,   ,   ,   ,
 5,   ,   ,   ,    1, 14, 12,   ,    1,   ,   ,   ,     ,   ,   ,   ,

  ,   ,   ,   ,     ,   ,   ,   ,     ,   ,   ,   ,     ,   ,   ,  2,
 3,  2,   ,   ,     ,   ,   ,   ,     ,   ,   ,   ,    7,   ,   , 11,
  ,   ,   ,   ,    3,   ,   ,   ,     ,   ,   ,   ,     ,   ,   , 14,
12,   ,   ,  7,     ,   ,   ,   ,    8,  9, 10, 11,     ,   ,   , 16
